82.8
81.5
89.6
85.15
95.4
79.95
88.75
94.65
98.9
92.7
88.7
95.2
99.15
77.45
96.9
92.95
94.55
88.5
93.05
92.75
93.85
88.95
99.7
93.6
97.6
101.5
104.05
98.45
104.4
102.8
107.6
92.6
92.85
92.25
95.85
105.7
99.2
96.5
100.0
105.15
103.15
102.25
110.35
103.75
104.75
101.15
102.65
104.25
102.25
101.9
107.25
107.35
108.6
107.9
110.45
113.35
113.45
113.05
113.1
114.0
111.4
109.3
109.85
109.65
111.95
110.9
113.05
112.1
105.55
110.95
111.2
107.25
108.3
111.9
106.75
109.2
107.45
107.0
107.2
108.5
109.85
107.55
109.75
109.15
107.0
107.35
112.35
112.55
114.6
113.05
114.95
114.6
117.0
115.85
116.4
116.7
117.05
116.8
116.3
115.65
116.9
116.55
117.55
117.3
116.15
116.6
118.35
117.15
117.25
117.4
117.3
116.1
116.2
117.65
116.2
116.85
116.5
117.25
115.85
115.3
117.2
116.6
116.2
116.95
117.45
117.5
117.55
117.65
116.45
117.0
116.7
117.35
116.65
116.8
116.95
117.2
116.4
116.95
116.95
115.55
116.6
117.45
116.05
116.65
115.7
115.75
115.15
116.45
116.25
116.55
116.45
116.45
117.45
117.55
117.6
117.8
117.55
118.2
117.1
118.05
117.4
118.2
117.9
118.4
117.4
117.3
116.85
117.85
117.3
117.4
117.6
117.2
117.45
118.05
118.0
117.45
118.0
117.3
116.2
117.4
115.25
114.4
116.6
116.7
116.5
116.3
115.55
117.1
117.55
117.9
118.1
117.65
117.4
116.8
116.85
117.25
116.2
117.5
118.0
116.15
117.1
117.25
116.9
117.05
116.9
117.65
117.25
115.95
116.95
117.1
115.55
116.25
116.6
115.65
116.6
117.7
117.85
117.8
117.5
117.15
117.55
118.0
117.65
118.15
117.85
117.4
117.3
118.25
118.8
118.2
117.95
118.45
117.35
117.7
117.85
118.45
117.55
117.65
117.4
118.7
117.55
117.9
118.9
117.5
118.1
117.9
117.95
118.15
117.7
117.9
117.05
117.75
117.25
117.8
117.55
117.0
118.0
117.15
118.35
117.55
118.05
118.15
116.9
118.55
118.0
118.3
117.55
117.15
117.1
117.6
117.25
118.3
117.7
117.55
117.35
117.95
117.1
116.6
116.45
117.25
116.75
115.8
114.9
114.5
112.25
111.45
113.6
111.6
111.9
106.8
112.45
109.65
113.35
108.05
109.75
114.8
113.65
114.3
113.8
112.9
113.95
115.0
114.55
115.0
115.7
115.4
114.6
115.65
113.9
115.85
117.2
116.4
115.05
116.1
115.35
115.9
116.65
116.95
115.6
117.5
115.7
116.8
114.8
118.2
116.7
117.65
117.45
116.95
117.3
115.8
117.25
116.2
117.7
118.3
118.15
117.7
118.25
117.85
118.0
118.1
117.45
117.75
117.9
117.5
117.7
117.8
114.6
113.65
114.85
114.85
114.55
114.7
116.0
114.8
117.6
117.45
118.2
117.65
117.6
117.75
117.15
118.3
118.5
118.1
117.85
118.25
118.2
117.55
117.75
116.7
117.4
117.95
118.7
117.7
118.35
117.8
117.75
117.9
118.2
118.05
118.1
118.7
117.8
118.4
117.15
118.0
118.4
118.25
118.15
117.9
117.6
117.2
117.75
118.6
118.35
118.2
117.7
117.9
116.9
117.45
117.35
117.95
118.05
117.5
117.85
118.05
118.65
118.3
118.55
117.85
118.2
118.25
117.9
117.95
118.65
117.3
117.2
118.75
118.25
117.8
118.4
117.95
117.25
117.65
117.7
117.85
117.6
117.8
118.05
118.4
118.0
118.4
118.0
117.8
117.45
117.95
118.25
118.25
118.6
117.45
117.7
118.2
118.7
117.5
118.45
117.6
117.75
117.95
118.35
117.7
117.8
118.15
118.25
118.3
117.5
118.6
118.05
117.75
117.55
117.95
118.15
117.55
117.95
117.4
118.0
117.7
117.8
117.75
118.05
117.55
117.85
118.4
118.35
117.0
118.35
118.25
118.3
117.25
117.6
117.7
118.3
117.65
118.0
118.1
117.2
117.8
118.0
118.05
118.65
118.3
118.5
117.55
117.9
117.65
117.8
118.1
118.1
118.3
118.1
118.65
117.6
118.2
118.15
118.2
118.0
118.05
117.95
117.8
118.45
118.6
119.1
117.2
118.35
117.4
118.3
118.0
117.4
118.25
117.65
118.05
118.0
118.05
118.2
118.5
118.1
118.25
118.05
118.85
118.15
118.35
118.2
118.25
117.7
117.8
117.5
117.4
117.8
116.6
117.4
115.95
117.2
117.7
117.6
118.15
117.35
117.25
118.25
118.05
117.7
117.6
117.35
118.0
118.6
117.85
118.4
118.0
117.4
117.35
117.8
117.7
118.05
118.3
117.85
118.0
118.15
118.15
118.6
117.8
118.35
117.8
118.5
118.55
118.45
118.55
118.85
117.7
118.8
118.2
117.95
117.75
117.25
117.85
117.5
117.95
118.35
118.9
117.85
118.6
118.25
118.3
118.45
118.5
117.85
117.6
118.1
118.25
118.35
117.8
118.05
117.95
117.5
118.6
118.95
117.9
118.05
117.4
117.55
118.15
118.15
118.2
118.2
118.2
117.6
118.05
117.65
117.95
118.15
118.1
118.25
117.85
117.95
117.75
118.4
117.9
118.0
117.8
117.9
118.15
117.45
117.9
117.4
118.2
118.1
117.6
118.15
118.4
119.1
117.8
117.9
118.4
117.95
117.7
118.2
117.05
117.65
117.7
117.0
117.7
119.0
118.2
117.7
118.55
117.65
117.65
118.0
118.1
118.0
117.75
117.05
118.2
118.1
117.35
117.15
118.05
118.05
117.85
117.65
116.25
117.35
117.5
117.4
114.9
115.15
114.35
116.9
116.05
116.0
116.35
115.5
115.0
115.0
115.45
118.1
117.5
115.95
118.05
117.05
117.3
117.7
117.65
116.7
116.4
116.35
117.25
116.65
116.7
115.65
115.1
114.75
114.5
106.6
109.3
110.65
110.4
115.35
109.5
110.05
