66.3
63.45
60.2
61.7
60.3
60.95
62.6
60.55
58.9
55.85
55.75
59.75
59.65
60.05
53.2
54.85
51.2
53.9
53.05
50.5
53.2
51.55
54.05
55.85
54.25
49.4
53.5
54.15
54.3
49.75
46.6
44.35
47.3
42.9
44.25
45.0
44.6
44.5
49.0
45.75
45.75
49.05
48.15
48.8
49.7
46.7
45.15
42.7
42.85
42.3
42.85
42.1
42.05
42.45
42.2
42.8
42.25
42.15
42.05
42.8
42.5
42.6
42.3
42.5
42.85
42.5
42.7
42.45
42.95
42.7
42.4
42.4
42.05
42.55
42.05
42.3
42.2
42.55
42.35
42.55
42.5
42.4
42.3
42.0
42.25
42.35
42.35
42.45
42.4
42.9
42.25
42.6
42.8
42.45
42.3
42.45
42.25
42.5
42.25
42.45
42.55
42.55
41.75
42.35
42.75
42.5
42.85
42.5
41.8
42.4
42.9
42.45
42.3
41.4
42.8
42.75
42.65
42.05
42.65
42.85
43.1
42.45
43.15
42.5
42.9
42.1
42.55
42.95
42.4
42.5
42.8
42.85
42.95
42.05
42.15
42.3
42.65
43.0
43.25
42.5
42.55
43.1
42.9
42.0
42.2
42.7
42.8
42.1
42.8
42.3
42.0
42.3
42.2
42.4
42.55
42.75
42.6
42.85
42.6
42.55
42.15
43.1
42.95
42.75
42.4
43.05
42.25
43.0
42.2
42.5
42.5
42.3
42.7
42.75
43.05
42.65
42.55
42.55
42.45
42.3
43.2
42.15
42.75
42.45
42.5
42.35
42.2
42.65
42.3
42.5
42.75
42.4
42.45
42.65
42.3
42.0
42.6
42.55
42.8
42.7
41.95
41.85
42.7
42.6
42.4
42.5
42.4
42.8
42.25
42.6
42.4
42.3
41.95
42.55
42.35
43.0
42.9
42.4
42.65
42.65
41.85
41.9
42.05
42.35
42.45
43.2
42.4
41.9
42.95
41.85
42.5
42.6
43.05
42.4
42.4
42.65
42.8
42.25
42.9
42.8
42.35
42.65
42.45
42.9
43.15
42.4
42.95
42.4
42.15
43.1
41.8
42.65
42.45
42.7
42.4
42.9
42.5
43.0
42.65
43.0
42.25
42.2
42.95
42.45
42.5
41.95
42.3
43.15
42.55
42.6
42.75
42.75
42.35
42.5
42.75
42.85
42.4
42.4
42.6
42.55
43.3
42.25
42.2
42.65
42.7
42.55
42.1
42.9
41.9
42.5
42.7
43.05
42.25
42.95
42.7
42.85
42.55
42.55
42.25
42.9
42.75
41.85
42.5
42.45
42.95
43.0
42.15
42.9
42.65
42.05
42.15
42.85
42.55
42.75
42.2
42.65
42.55
42.85
42.95
42.9
42.2
43.15
42.3
42.55
43.0
42.45
42.55
42.85
42.45
42.15
42.6
41.95
42.5
41.9
42.85
42.75
42.4
42.5
42.85
42.75
42.5
41.95
42.75
42.4
42.75
42.1
41.8
42.5
42.6
42.5
42.55
42.2
42.7
43.1
42.95
42.05
42.3
42.75
42.65
42.35
42.5
42.25
42.65
42.35
42.15
42.05
42.45
42.7
42.6
42.3
42.55
42.3
42.75
42.55
43.0
42.9
42.85
42.8
42.95
42.55
42.8
42.85
42.75
42.55
42.8
43.0
42.4
42.9
42.25
42.4
42.5
42.3
41.8
42.45
42.75
42.2
42.1
42.5
42.05
43.1
42.8
43.0
42.4
42.85
42.55
41.95
42.85
42.65
42.85
42.05
42.5
42.75
42.75
42.05
42.85
42.95
42.4
43.0
42.9
42.7
42.35
42.3
42.3
42.8
42.8
42.9
42.4
43.05
42.15
42.3
42.45
42.1
42.4
42.4
42.5
42.25
42.7
42.5
42.25
41.95
41.65
42.3
42.55
42.35
42.45
42.2
42.0
42.85
42.4
42.55
42.4
42.5
42.25
42.85
42.45
42.35
42.1
42.15
42.4
42.65
42.05
42.9
41.95
43.1
42.65
42.5
42.65
42.4
42.4
42.6
42.3
42.9
42.85
42.95
42.65
42.55
42.4
42.95
42.75
42.35
43.25
42.65
42.2
42.6
42.4
42.4
42.3
42.35
42.85
42.55
42.55
42.5
42.95
41.95
42.3
43.2
43.1
42.8
42.6
42.25
42.45
41.8
42.75
41.9
42.65
42.6
42.15
42.9
42.55
42.1
42.9
42.4
41.9
42.75
42.25
42.7
42.75
42.9
42.9
42.55
42.5
42.25
42.15
42.1
42.3
42.6
42.2
42.25
43.1
42.35
42.75
42.85
42.6
42.75
41.95
42.8
43.15
42.55
42.15
42.05
42.85
42.4
42.8
42.5
42.45
42.65
42.65
42.25
42.65
42.55
42.5
43.0
41.65
42.9
42.5
42.4
42.4
42.9
42.2
42.6
43.25
42.55
42.8
42.35
42.45
42.55
42.45
42.7
42.3
42.05
42.25
43.1
41.95
42.75
42.65
42.6
42.5
42.85
42.55
42.8
42.75
41.9
42.65
42.2
42.1
42.95
42.25
42.6
42.7
42.3
42.25
42.8
41.85
42.1
42.7
42.7
41.85
42.4
42.05
42.5
42.4
42.5
42.3
41.6
42.9
42.5
42.6
43.15
42.9
42.6
42.7
42.3
42.3
42.3
42.5
42.75
42.5
42.05
43.05
42.65
41.85
42.35
42.65
42.8
42.5
42.9
42.35
42.35
42.55
42.3
42.3
42.6
42.7
42.45
42.45
43.45
42.75
42.6
42.6
42.7
42.75
42.55
43.2
42.45
42.85
42.7
42.05
42.5
42.35
42.35
42.6
43.2
42.2
43.25
42.8
42.1
42.25
43.0
42.35
42.2
42.35
42.7
41.95
42.8
43.0
42.45
42.6
42.9
42.45
42.1
42.25
42.45
42.1
41.75
42.95
42.45
42.8
42.9
42.85
42.75
42.15
42.6
42.1
41.55
42.45
42.1
42.65
42.95
42.25
43.25
42.6
42.3
42.15
43.25
42.2
42.8
42.95
42.5
42.65
42.7
41.9
43.0
42.95
42.3
42.5
42.2
41.55
42.95
42.5
42.05
42.3
43.3
42.7
42.4
