63.1
66.55
67.8
69.25
62.05
49.8
57.3
75.1
64.5
65.55
56.3
61.3
58.8
65.45
67.05
64.35
58.0
56.5
54.55
57.85
62.5
59.55
63.25
68.3
64.3
60.9
52.5
58.65
55.05
51.5
56.4
51.4
54.1
57.05
65.25
61.65
50.5
55.05
62.95
61.1
65.0
66.1
61.3
69.85
68.45
58.35
68.5
72.7
71.85
73.7
67.3
69.3
66.8
61.05
58.65
72.5
64.15
65.8
77.5
73.9
54.25
75.15
78.3
78.95
86.45
82.5
84.65
84.15
78.0
76.0
101.0
83.0
96.0
88.0
92.0
82.0
106.0
91.0
104.0
100.0
87.0
78.0
90.0
84.0
91.0
90.0
96.0
90.0
95.0
94.0
84.0
94.0
91.0
104.0
93.0
81.0
93.0
88.0
89.0
96.0
81.0
85.0
82.0
80.0
98.0
92.0
92.0
105.0
84.0
87.0
92.0
97.0
100.0
96.0
80.0
96.0
89.0
95.0
93.0
89.0
89.0
80.0
95.0
97.0
89.0
95.0
87.0
86.0
90.0
89.0
100.0
93.0
74.0
92.0
89.0
95.0
101.0
90.0
84.0
97.0
96.0
96.0
94.0
83.0
74.0
92.0
98.0
97.0
94.0
78.0
86.0
92.0
85.0
90.0
96.0
99.0
93.0
83.0
83.0
89.0
100.0
88.0
92.0
91.0
94.0
81.0
83.0
92.0
94.0
90.0
93.0
99.0
87.0
83.0
95.0
92.0
89.0
93.0
101.0
81.0
85.0
91.0
101.0
84.0
83.0
91.0
90.0
90.0
92.0
97.0
93.0
88.0
87.0
90.0
92.0
94.0
93.0
92.0
84.0
87.0
93.0
81.0
96.0
97.0
85.0
84.0
94.0
84.0
80.0
90.0
85.0
78.0
86.0
84.0
90.0
90.0
78.0
80.0
94.0
93.0
86.0
89.0
97.0
94.0
94.0
90.0
88.0
93.0
93.0
96.0
92.0
98.0
92.0
87.0
101.0
90.0
89.0
98.0
90.0
89.0
89.0
97.0
89.0
88.0
90.0
92.0
95.0
84.0
103.0
84.0
97.0
82.0
96.0
80.0
100.0
85.0
86.0
80.0
89.0
90.0
92.0
90.0
79.0
100.0
95.0
95.0
83.0
98.0
97.0
96.0
100.0
84.0
89.0
87.0
88.0
91.0
95.0
92.0
91.0
92.0
97.0
108.0
84.0
95.0
76.0
98.0
86.0
100.0
96.0
87.0
89.0
100.0
96.0
86.0
88.0
86.0
87.0
97.0
82.0
95.0
88.0
83.0
90.0
89.0
83.0
95.0
87.0
85.0
87.0
86.0
84.0
96.0
91.0
93.0
97.0
81.0
80.0
87.0
91.0
99.0
97.0
93.0
86.0
85.0
89.0
82.0
94.0
89.0
87.0
91.0
95.0
99.0
89.0
92.0
101.0
101.0
101.0
89.0
78.0
86.0
80.0
100.0
103.0
80.0
82.0
86.0
93.0
75.0
96.0
90.0
90.0
95.0
93.0
76.0
85.0
95.0
91.0
93.0
99.0
95.0
98.0
87.0
85.0
88.0
94.0
90.0
90.0
90.0
89.0
92.0
98.0
89.0
81.0
93.0
97.0
102.0
92.0
86.0
89.0
92.0
85.0
87.0
86.0
80.0
89.0
92.0
77.0
95.0
88.0
91.0
101.0
98.0
92.0
99.0
88.0
94.0
105.0
90.0
88.0
82.0
89.0
89.0
95.0
94.0
80.0
85.0
83.0
91.0
89.0
91.0
85.0
94.0
107.0
91.0
91.0
95.0
94.0
79.0
92.0
77.0
93.0
95.0
90.0
87.0
78.0
91.0
83.0
89.0
99.0
79.0
90.0
99.0
89.0
87.0
90.0
91.0
91.0
101.0
96.0
94.0
90.0
87.0
98.0
86.0
97.0
88.0
95.0
90.0
95.0
83.0
94.0
93.0
89.0
93.0
87.0
105.0
96.0
89.0
93.0
76.0
86.0
96.0
88.0
103.0
103.0
97.0
80.0
97.0
84.0
96.0
92.0
91.0
79.0
94.0
97.0
94.0
85.0
85.0
95.0
95.0
86.0
90.0
83.0
88.0
94.0
96.0
79.0
84.0
93.0
106.0
94.0
94.0
103.0
92.0
92.0
97.0
84.0
89.0
84.0
92.0
92.0
90.0
82.0
94.0
86.0
89.0
90.0
94.0
89.0
87.0
76.0
83.0
85.0
91.0
88.0
100.0
97.0
91.0
101.0
86.0
98.0
93.0
81.0
99.0
89.0
83.0
92.0
85.0
95.0
81.0
95.0
76.0
102.0
96.0
88.0
95.0
90.0
85.0
83.0
88.0
84.0
86.0
95.0
92.0
81.0
90.0
86.0
83.0
86.0
84.0
91.0
99.0
88.0
90.0
98.0
92.0
81.0
87.0
84.0
84.0
83.0
93.0
87.0
100.0
81.0
84.0
95.0
91.0
89.0
95.0
96.0
86.0
99.0
91.0
103.0
72.0
94.0
96.0
86.0
87.0
98.0
86.0
96.0
101.0
97.0
91.0
105.0
92.0
85.0
93.0
83.0
88.0
85.0
95.0
87.0
91.0
96.0
87.0
84.0
97.0
85.0
96.0
96.0
79.0
97.0
96.0
90.0
89.0
86.0
82.0
83.0
92.0
102.0
86.0
76.0
101.0
97.0
106.0
89.0
92.0
85.0
86.0
90.0
99.0
90.0
91.0
81.0
94.0
103.0
91.0
74.0
91.0
100.0
98.0
95.0
86.0
92.0
99.0
82.0
85.0
99.0
79.0
93.0
80.0
89.0
96.0
88.0
90.0
89.0
83.0
85.0
87.0
79.0
87.0
89.0
93.0
87.0
84.0
90.0
92.0
77.0
91.0
103.0
94.0
96.0
90.0
78.0
93.0
88.0
88.0
88.0
101.0
83.0
73.0
93.0
90.0
92.0
89.0
92.0
87.0
93.0
90.0
82.0
92.0
77.0
95.0
90.0
97.0
94.0
90.0
96.0
83.0
103.0
93.0
89.0
84.0
97.0
86.0
86.0
92.0
91.0
92.0
81.0
74.0
84.0
94.0
81.0
75.0
95.0
87.0
85.0
78.0
101.0
88.0
86.0
83.0
91.0
92.0
87.0
86.0
99.0
96.0
86.0
76.0
100.0
104.0
90.0
79.0
99.0
76.0
106.0
101.0
96.0
99.0
96.0
98.0
87.0
83.0
94.0
91.0
92.0
99.0
85.0
94.0
91.0
102.0
89.0
103.0
81.0
97.0
95.0
87.0
104.0
101.0
91.0
98.0
86.0
86.0
86.0
82.0
92.0
87.0
94.0
91.0
82.0
95.0
89.0
96.0
94.0
87.0
83.0
91.0
92.0
97.0
88.0
85.0
95.0
81.0
96.0
84.0
97.0
98.0
89.0
95.0
86.0
86.0
88.0
97.0
86.0
88.0
77.0
89.0
80.0
85.0
94.0
103.0
96.0
82.0
86.0
100.0
89.0
88.0
