88.65
84.25
91.45
92.05
91.2
82.15
86.25
83.45
83.55
76.15
81.45
84.7
87.3
83.65
85.15
82.15
87.25
87.1
90.0
81.15
92.5
88.55
84.2
88.5
84.45
87.45
92.85
86.6
84.9
81.95
85.8
81.35
83.85
80.1
81.3
80.7
80.4
91.25
88.95
89.0
83.1
87.8
87.45
90.45
84.55
90.1
89.0
92.05
89.1
87.45
87.05
87.3
86.95
88.0
85.85
88.8
94.45
93.2
89.2
92.55
93.6
92.25
90.7
86.9
90.75
91.55
97.3
93.8
92.25
91.95
91.65
96.25
96.55
93.75
92.45
90.75
87.95
90.0
87.95
86.4
88.85
81.7
76.1
82.4
84.9
84.85
83.2
83.25
83.5
81.0
75.6
78.4
77.75
76.5
72.0
69.55
68.7
65.75
60.0
58.55
59.3
58.6
64.05
64.0
62.25
59.0
53.65
55.4
58.4
60.9
61.25
57.3
63.65
56.8
60.5
57.05
54.2
53.55
54.45
55.75
55.95
56.85
54.85
56.85
57.15
55.3
62.25
65.9
60.85
55.7
49.85
53.5
51.3
51.45
53.45
50.15
53.65
50.45
49.8
54.9
52.5
51.35
49.7
49.3
48.3
45.45
45.1
44.75
44.25
45.7
45.95
46.2
45.75
49.25
47.8
47.65
46.75
49.0
48.05
51.4
51.25
48.75
46.95
45.6
45.6
45.25
43.5
44.4
45.0
45.8
44.75
45.95
45.35
45.15
45.05
44.15
44.35
42.65
43.55
43.3
43.8
43.45
43.05
42.9
43.75
44.1
42.9
43.2
43.6
43.8
43.0
42.55
43.2
42.75
43.3
43.9
42.95
42.65
42.9
43.35
42.25
41.9
42.65
42.8
42.75
43.8
42.75
43.2
43.6
44.3
44.05
42.75
43.6
43.7
43.4
43.5
42.95
44.3
43.85
44.6
44.65
44.5
44.2
44.25
43.5
43.5
43.5
43.4
44.1
43.45
44.1
45.65
44.7
46.95
46.0
47.8
48.45
49.05
47.65
49.0
49.3
49.4
48.95
49.5
50.3
49.2
49.65
48.0
47.85
48.2
50.35
50.0
50.15
49.8
49.2
48.25
51.1
54.65
53.35
53.2
54.25
51.25
52.7
49.65
49.1
49.15
52.3
52.55
50.5
53.0
48.35
47.65
49.3
49.4
50.8
52.75
51.8
52.55
53.55
54.35
55.0
54.5
53.25
54.45
54.9
53.35
53.0
51.55
54.8
49.35
47.0
49.55
48.0
48.8
47.15
47.2
46.6
47.2
47.0
46.85
45.1
47.3
46.85
49.45
48.65
53.9
60.2
55.75
49.65
48.9
52.7
55.45
53.3
53.7
51.4
51.15
50.75
52.5
52.8
53.15
56.9
58.45
60.15
56.65
57.4
55.35
57.05
58.2
55.0
59.7
57.25
56.0
55.9
55.2
55.05
60.1
60.3
60.45
58.95
53.25
55.0
52.6
53.4
63.0
59.15
54.2
59.05
62.25
57.5
59.8
61.95
56.7
56.15
52.6
55.6
52.95
56.4
53.4
53.2
54.25
50.55
59.3
58.25
52.45
49.2
49.45
49.35
49.7
50.75
48.25
49.05
50.15
48.3
45.95
46.3
46.9
45.65
48.3
48.8
48.6
45.75
45.6
48.5
50.6
49.9
48.25
51.85
56.05
55.0
57.45
59.55
61.8
60.5
56.7
52.9
53.4
54.95
54.65
56.5
53.05
58.95
57.95
55.5
54.15
50.35
46.7
48.0
49.25
47.2
51.15
50.35
48.45
51.05
47.15
45.6
49.1
47.05
49.5
49.4
49.55
46.8
47.8
46.75
47.1
47.65
47.15
50.3
46.8
51.0
48.1
53.55
48.6
49.0
48.85
50.45
53.3
55.35
46.65
48.75
45.7
50.15
47.2
51.3
56.9
55.2
58.6
62.7
57.95
55.45
58.45
62.0
58.65
55.6
50.7
52.05
50.25
54.05
55.25
56.95
54.35
57.0
53.75
57.45
55.35
53.1
53.45
51.85
50.6
46.3
50.5
46.2
49.25
57.05
54.35
49.4
51.35
46.7
45.7
46.1
44.3
43.7
45.75
44.3
44.25
46.3
43.85
45.3
47.7
46.75
48.8
51.45
48.75
51.95
52.6
48.0
50.35
51.0
50.25
51.3
52.4
50.85
50.1
49.1
46.55
45.45
48.1
49.1
54.05
52.8
50.55
49.5
47.85
46.95
47.95
47.0
48.7
50.25
46.65
42.65
44.75
45.55
44.65
45.45
44.0
44.9
44.55
47.55
44.0
45.2
46.3
45.65
49.1
44.65
44.0
46.75
46.35
45.25
43.2
43.8
44.0
43.2
44.3
44.65
44.1
47.1
45.25
43.6
44.4
44.6
44.2
43.35
43.95
43.7
42.9
43.45
43.55
44.25
42.45
43.5
43.7
43.25
44.05
43.45
43.95
42.5
44.05
43.25
43.8
42.75
43.55
42.05
43.45
42.95
43.65
44.35
42.8
43.2
43.25
43.6
43.45
45.9
46.55
46.3
48.7
45.6
46.8
46.35
47.5
46.4
47.9
47.6
48.4
49.75
49.3
49.9
49.65
48.2
47.8
47.85
47.25
49.35
51.0
52.4
57.1
53.75
57.35
56.75
59.4
60.55
56.05
56.95
55.4
49.2
49.3
50.15
52.1
50.1
52.2
47.35
47.0
48.65
48.5
47.65
49.3
47.8
49.3
46.9
45.55
45.1
45.45
45.7
46.2
45.4
48.65
48.25
47.95
51.55
53.15
52.65
51.3
50.7
49.4
46.25
45.95
49.9
45.6
46.7
44.65
44.4
46.15
45.15
45.0
44.3
44.45
44.95
43.05
43.6
43.3
43.85
43.3
43.85
45.75
44.45
43.9
44.5
44.3
44.25
44.55
43.95
44.35
44.65
43.55
43.7
43.1
43.45
43.6
43.25
42.55
42.8
43.7
43.55
43.3
43.5
42.9
43.8
43.0
43.0
43.05
43.3
43.65
43.65
43.1
42.5
43.6
42.55
43.0
42.15
43.25
42.85
43.05
43.4
42.85
44.4
44.3
43.8
43.65
